94010396677
85080246519
92080848146
92060466119
99052613388
77042287382
58121467855
81063036731
52072674995
63082812156
96071587937
67071122189
77052683257
00302749632
71103052977
01211079737
06210271289
91110434461
69030965617
95102265356
67121461929
58082511631
64072852918
62010469356
02252445411
98051357363
50060123663
04271895121
87101983133
00252739518
56030935137
97061079432
83041343415
60042242653
93081549999
01320263683
69112042331
86060851712
71061319466
02262275936
50112885149
81010343662
57051834656
70091734898
72090278931
77040243845
00321765675
81082579499
98090487982
79101016496
60081816266
94122995977
56052374112
49012446424
69100852829
94060954748
02210765973
60012286595
56020635111
96120374646
54070217226
01282868315
71062898425
91120469763
93110491262
82030168361
57110153126
82041557563
00241286249
77042953517
86121597649
92050128865
70111422583
85030186748
93100548536
08321787617
57061364613
74042055867
55071576947
87070149198
75090445774
91021366431
01212566421
54013022658
91072086713
71013045517
07302551922
88101027218
59092217955
84112777641
55051119317
85082837821
50120953728
07291692974
05323051931
67010428488
75091687771
74062484933
58011515721
92010655183
